%YAML:1.0

image_width: 1920
image_height: 1440
board_width: 9
board_height: 7
camera_matrix: !!opencv-matrix
   rows: 3
   cols: 3
   dt: d
   data: [ 839.75496787, 0., 962.84195978, 0., 839.48763831, 743.14886591, 0., 0., 1.]
distortion_coefficients: !!opencv-matrix
   rows: 5
   cols: 1
   dt: d
   data: [-0.23923329,  0.0705373,  -0.00277006,  0.0009383,  -0.01075693]

